927591045255008256
846510721427730432
745020425930567680
722830759735332864
862683497112956928
922140016795328512
815217146249494528
839864761947652096
957995393938571264
828567450428796928
955469864995979264
743854099929260032
734405107491278848
725643066303594496
768448995151327232
776384280715624448
719313099298992128
739061721452253184
758623603599081472
775378063549554688
779699714382635008
827147133290414080
879407253860552704
785477871345897472
747092074104369152
868111021523492864
804691424070238208
840984548597714944
872825556851372032
903641738818785280
910896648169869312
770326453257523200
770698527369076736
865554267287719936
870642334864384000
862688021953253376
881895214153883649
880879177811783680
749627129624285184
747833811462529024
751907060588752896
835479579907997696
868164361867362304
871733767318962176
923920974892666880
944206200095621120
949963680595587072
807210900569358336
859042475921281024
876462371978223616
932296651121373184
935181446809792512
935520258941452288
942816324276264960
873943473491947520
884112818306183168
885550750686646272
905870329447059456
952188967358070784
952597755957362688
954392220149755904
960520842443198464
881902911486054400
868123371307687936
742842008942448640
749260585383776256
719957661021405184
756215367029772288
771823170737946624
724570440843923456
768779071097159680
860490807847841792
848895994845343744
749269351789518848
851804180241846272
906513820179128320
847542231723294720
794934765236154368
746312564723449856
727620896725925888
722075526453264384
792006782347247616
813046842811088896
797096866838904832
751060918833528832
964204809012895744
933761870016434176
788014080790130688
805892238478573568
804807405954281472
748872049438490624
760849534833152000
812015618365743104
791600437831823360
791702797958676480
959385257338826752
720392766080692224
827563773391949824
844922203693776896
899646612027109376
906187820190801920
856523652697583616
906193226761895936
907197504800567296
906194489817829376
728965890300723200
771701069582434304
906182123776520192
817038293047857152
820261240130650112
738694678970396672
753954593645273088
733309709683023872
751413961936601088
767125468288651264
860116808915628032
741952984967024640
830734336872550400
853993833896235008
878301475963551744
896024372446400512
816972896739147776
800349580737773568
966285284749549568
744499390437163008
721439028217397248
749637425281667072
796805226488270848
923585216214372352
720742176924921856
726918914218422272
722857392944975872
873918730533498880
768490745563742208
822400176386891776
851076618159005696
951401442523811840
927233624963682304
802521106417328128
726762919219429376
724187703205167104
725720200728543232
727871182610640896
772380392647831552
805550354245767168
804815205950431232
722580016528887808
805163400882683904
745582560515469312
818445319330222080
838414256495017984
805164212841242624
805165123642724352
855083644413444096
757584837182763008
769498697640714240
782303644400746496
916698420054466560
747072525241970688
795649410561355776
805186635963731968
778991567569440768
840265585467207680
879000006177218560
853245568808550400
869215863344107520
908708952055877632
928687583372926976
839859178712465408
763703177601110016
739562435236601856
750093805104926720
791659668714954752
730111557903593472
774202289614241792
761560164829528064
754668207788273664
958018750423846912
783742490602663936
739152488497680384
761943813835993088
747434728084242432
839869964864348160
801844126650884096
836344346444967936
982198194616352768
770340328338104320
716389475449585664
788044107778908160
789093694656503808
799988816340459520
793052304390647808
837669764146003968
858021566175399936
853976666937102336
876131851775922176
909427975915716608
938729029810073600
954406975631540224
976790018047627264