851395128877797376 130 128
937655149309775872 77 76
904724539420868608 58 57
774690821004881920 98 95
817733709208883200 114 113
872810307456757760 48 47
911253684841762816 103 102
827118518523805696 228 226
789522367264083968 114 112
952865935581818880 163 162
843122170359054337 148 143
891370770083753984 151 147
857962936411516928 105 104
889182261226913792 68 62
932569660373651456 218 212
881904516394536960 60 59
768448995151327232 239 237
890601284581883904 90 88
850005414664888320 103 102
888426453513945088 71 49
815217146249494528 316 311
889524128569249792 58 54
900014988259901440 131 129
878658956497657856 134 133
819858410894946304 302 301
875404306721964032 81 80
901479260781441024 45 44
858770074620788736 141 140
885873124304891904 165 161
881204484666183680 54 51
904681438614519808 122 120
957580155107942400 131 128
787641373699375104 118 116
918799164350033920 123 122
869206402474856448 109 108
888807208287076352 129 128
817001672009191424 106 102
868124348244955136 234 229
877921752330674176 123 121
952181642631143424 41 39
944275036941664256 46 45
902225664072122368 47 46
848182077781348352 57 56
849951526419075072 120 118
865205231074562048 92 89
874306964409167872 129 127
871682858878664704 68 67
906569183528120320 67 66
933658907075895296 125 119
811201695815208961 178 171
954305046079340544 93 92
889085771498295296 67 66
909010396004876288 118 117
848899948622778368 162 160
889436243887263744 73 72
787300194218692608 108 107
903636236835627008 100 99
840197520255746048 168 165
779699714382635008 270 268
903641738818785280 199 195
840166075151831040 122 121
822390288281645056 167 165
876450280974209024 62 61
900753336934993920 73 71
872869367291994112 100 99
893159421952278528 83 82
814465105969442816 80 74
862688021953253376 404 403
883770862598234112 93 92
801812482900512768 174 169
801807487668998144 125 124
922500475117535232 170 165
860483014034092032 170 169
900691988272283648 34 32
830446220899131392 123 122
933659362694750208 145 142
875489327566692352 182 178
942437735684882432 61 60
819537259194884096 87 84
863036008537665536 130 129
889081292451368960 169 168
869211681266495489 116 114
885550750686646272 263 261
770698527369076736 608 605
919510202506694656 180 175
914896272039739392 42 40
903667622476926976 306 298
932296651121373184 357 356
964154954336862208 128 127
906568256540770304 185 183
922500286520643584 78 74
951870808637915136 155 152
960520842443198464 378 377
893850136843804672 123 122
800749355651960832 68 67
924962569070972928 256 191
804697642868310016 73 69
952597755957362688 147 144
870642334864384000 427 424
938779590051811328 168 166
831104976066609152 237 235
918541663717183488 108 107
880465097707917312 59 58
916975437404569600 173 172
853252882592595969 91 89
939559857381130240 208 207
955471390007107584 122 121
802103080555528192 225 223
937696958148743168 200 196
842735484038946816 45 43
886222745451511808 235 234
735871274575736832 99 98
878394751966130176 297 296
857556384148000768 86 85
901461485836967936 76 65
987057968122310656 209 202
944624886354767872 173 172
885505013844152320 120 119
921768138620674048 178 173
904373289072365568 90 89
847445814862282752 134 131
952220545857634304 172 171
886238472032120832 263 262
909424827016835072 316 314
792363358090326016 158 152
961969239812513792 70 67
894244998583820288 134 128
857954186686533632 154 150
742842008942448640 202 198
906170604057694208 111 109
855063044886241280 100 98
865633136896253952 56 54
756532854598414336 117 115
845257348867051520 136 134
840164406389256192 43 38
846362722537963520 153 143
942000615224733696 51 49
893134625109585920 54 52
781098852085153792 188 187
817719008773160960 67 66
843419142064328704 57 52
926115899017150464 110 109
868834335476826112 49 48
904295186979508224 222 220
784363567288696832 118 116
758685813159505920 125 120
970613478835310592 48 46
791673856782929920 78 77
865204175334670336 265 258
911658848597716992 68 67
841306085854961664 71 70
851804180241846272 408 402
956901540947038208 217 216
767839105244487680 167 166
723558033149403136 114 112
883014765696421888 98 97
758357138241253376 268 265
870315330419978240 113 112
886981811186593792 104 102
837682828706746368 104 103
756217042641637376 51 50
830083987421671424 145 144
831110350530318336 94 93
865961550207418368 136 135
811190240382427136 71 70
835076519687770112 61 57
794570192125571072 124 123
734704023411646464 121 120
811999389554970625 155 153
944611723068583936 165 164
856545213626343424 157 155
900411044835491840 80 79
966376302969917440 117 116
848535783735435264 71 68
977250363912568832 143 142
860274001946251264 117 116
927490616110252032 58 56
855830840742117376 336 335
907208185826414592 74 73
844990652352724992 188 187
883380510758424576 81 80
786528181535408128 228 227
883379088860016640 95 94
748268467093766144 170 169
850348508400730112 67 66
857592204653363200 139 137
832559047021580288 265 259
883379909525913600 72 66
930128857468633088 54 52
881174949996421120 129 128
723571567736418304 111 110
851809511915286528 193 191
970611539082006528 58 57
932556829490216960 65 64
888763287473360896 193 192
868831997240438784 253 252
888027847350956032 175 174
825749440995401728 126 119
830439806814281728 111 110
802164273408278528 194 192
942779633175924736 140 139
803189560036179968 235 234
968147974933610496 49 46
980393821712068608 87 85
902952880099696640 37 36
966285284749549568 307 306
923585216214372352 339 337
816972896739147776 119 116
924942223789928448 171 168
812409033871994880 163 160
769630823094714368 140 137
905826790881239040 248 247
849998705988886528 56 52
839471792925048832 127 126
843775818185445376 118 116
880435932879282176 113 109
868471828052594688 114 113
845598375037538304 260 259
794222786171269120 180 178
741952984967024640 285 284
749575453605392384 271 270
951401442523811840 383 380
787714454803464192 149 144
792749773949140992 201 198
814800304477437952 261 260
943791662099660800 190 187
800349580737773568 318 313
789160970491543552 187 179
855417533350678528 108 103
804815205950431232 232 231
782908678951936000 157 156
848676201412308992 114 113
749955897316343808 89 88
805377177083351040 85 82
796763348325777408 197 170
845294573809979392 102 101
838414256495017984 196 195
843516611737563136 68 66
865557766683631616 180 172
866725998190813184 56 55
853242169039921152 95 94
861319327331266560 95 91
819312186051674112 135 132
855062032565817344 168 162
881610611438551040 89 86
855072457214803968 102 99
805164212841242624 244 243
825300472930922496 60 59
805550354245767168 245 243
872771388547686400 73 72
967355515370717184 66 60
921807846738374656 263 261
824618968198291456 149 140
951513597549965312 90 89
931578226313105408 152 151
883020647280840704 175 174
834713345453084672 110 109
802472054787043328 190 188
967359685246099456 100 99
861243048586280960 143 141
856523133069459456 234 233
912383950436065280 243 241
967359129942126592 250 248
869215863344107520 399 398
853245568808550400 182 181
879000006177218560 199 195
867741076230918144 76 75
875374637247250432 123 120
975706314903572480 304 302
867754978234728448 55 54
941368090206994432 180 179
885940076306112512 69 68
893806392236978176 222 220
873922583500820480 89 88
951406247581339648 210 209
856545389921308672 83 82
849986404548218880 126 124
819866674323918848 71 68
893540372913995776 142 141
761560164829528064 460 457
891347475636576256 140 139
903328594418360320 100 95
893083024432955392 98 90
855051919574568960 137 135
865919711748194304 82 79
853600553861775360 223 221
926474858345418752 154 152
903272047218692096 223 221
761236920410836992 109 108
856557979695210496 178 173
916699160831483904 135 133
865565740273643520 64 54